Matrix size: 5000

Number of threads           1                 2               3              4              5              Mean            Speedup

1                           0.0297057         0.0296968       0.0296758      0.0297142      0.070308       0.0378201

2                           0.0160108         0.0167528       0.0165254      0.0166528      0.0167468      0.01653772      2.28689928237

3                           0.0334764         0.0310668       0.0387655      0.0334708      0.031296       0.0336151       1.12509259232

4                           0.0362391         0.0342547       0.0211524      0.0320856      0.0307528      0.0338935       1.1158511219

5                           0.0185244         0.0184974       0.0187883      0.0174142      0.0170381      0.01805248      2.09500855284


Matrix size: 7500

Number of threads           1                 2               3              4              5              Mean            Speedup

1                           0.0730394         0.0665736       0.0665763      0.0665525      0.0726479      0.06907794

2                           0.0375355         0.0375178       0.0369663      0.0375888      0.0370801      0.0373377       1.85008557035

3                           0.0559015         0.0569641       0.057127       0.0576554      0.0562096      0.05677152      1.21677101476

4                           0.0431157         0.0507377       0.0496526      0.110985       0.0653999      0.06397818      1.07971092644

5                           0.037676          0.0397945       0.0378517      0.0356319      0.0363437      0.03745956      1.8440670419



Matrix size: 10000

Number of threads           1                 2               3              4              5              Mean            Speedup

1                           0.117126          0.117122        0.117148       0.117245       0.117138       0.1171558

2                           0.0661036         0.0662011       0.0629011      0.0638187      0.0643968      0.06468426      1.81119487183

3                           0.0861069         0.0860458       0.0945386      0.0905764      0.0917673      0.089807        1.30452860022

4                           0.0770515         0.0797352       0.0766905      0.0800323      0.0689343      0.07648876      1.53167341188

5                           0.0653938         0.0666784       0.0630162      0.0662821      0.0729091      0.06685592      1.75236239364
