Matrix size: 500000

Number of threads           1                 2               3              4              5              Mean            Speedup

1                           0.821177          0.816591        0.815925       0.827769       0.81867        0.8200264

2                           0.543326          0.49229         0.589597       0.599632       0.598301       0.5646292       1.45232729728

3                           0.479899          0.503787        0.45732        0.449066       0.50226        0.4784664       1.71386412923

4                           0.474135          0.499156        0.470347       0.469159       0.56336        0.4952314       1.65584492426

5                           0.516532          0.530354        0.574139       0.571042       0.568016       0.5520166       1.48551039951


Matrix size:1000000

Number of threads           1                 2               3              4              5              Mean            Speedup

1                           3.15463           3.15225         3.1388         3.17106        3.15223        3.153794

2                           1.74485           1.8316          1.74998        1.7669         2.00942        1.82055         1.73233033973

3                           1.7161            1.70606         1.77627        1.71949        1.69593        1.72277         1.83065296006

4                           1.67605           1.60216         1.68484        1.625          1.62072        1.641754        1.92099059908

5                           1.6894            1.63243         1.6154         1.614          2.92895        1.896036        1.6633618771



Matrix size: 1300000

Number of threads           1                 2               3              4              5              Mean            Speedup

1                           3.14876           3.14899         3.16033        3.16843        3.1499        3.155282

2                           1.79701           1.725           3.15834        1.77812        1.77401       2.046496         1.54179729645

3                           1.6441            1.6803          1.73038        1.65165        1.74469       1.690224         1.86678333759

4                           1.61947           1.60189         1.6084         1.61205        1.61697       1.611756         1.95766728959

5                           1.68345           1.61325         1.61912        1.71237        1.6371        1.653058         1.90875456276
